%YAML:1.0
---
calibration_time: "Seg 02 Out 2017 11:07:05 BRT"
image_width: 1288
image_height: 728
flags: 0
camera_matrix: !!opencv-matrix
   rows: 3
   cols: 3
   dt: d
   data: [ 9.9081367904645037e+02, 0., 7.3263986446105980e+02, 0.,
       9.9808015743435431e+02, 3.5059813811513362e+02, 0., 0., 1. ]
distortion_coefficients: !!opencv-matrix
   rows: 1
   cols: 5
   dt: d
   data: [ -2.3040905149571378e-01, 1.3653702790925060e-01,
       -1.7331625025217270e-03, -1.1882386383770361e-04,
       -8.2104451533509711e-03 ]
avg_reprojection_error: 3.3543663487008990e-01
# ...
# ---
# world_matrix: !!opencv-matrix
#    rows: 4
#    cols: 4
#    dt: d
#    data: [ -1.5670677295007274e-01, 9.8709204746940371e-01, 3.3049616249436919e-02,  -5.4543034746377783e-01,
#             4.8724732572567542e-01, 1.0637414601393780e-01, -8.6676097318290890e-01, 8.0088038315925592e-01,
#            -8.5908848839031249e-01, -1.1972397789276029e-01, -4.9762750952171231e-01, 4.2349565488815291e+00, 
#             0., 0., 0., 1. ]
...
---
world_matrix: !!opencv-matrix
   rows: 4
   cols: 4
   dt: d
   data: [ -1.6899861381132208e-01, 9.8503952417004270e-01,
       3.3713563334473506e-02, -7.0499857791924092e-01,
       4.8604736161408807e-01, 1.1304842127169101e-01,
       -8.6658987803687304e-01, 6.8020378279005322e-01,
       -8.5743654622242205e-01, -1.3006609962182397e-01,
       -4.9788088829692012e-01, 4.4126154918218594e+00, 0., 0., 0., 1. ]
