%YAML:1.0
---
calibration_time: "Seg 02 Out 2017 11:22:27 BRT"
image_width: 1288
image_height: 728
flags: 0
camera_matrix: !!opencv-matrix
   rows: 3
   cols: 3
   dt: d
   data: [ 1.0119847615659378e+03, 0., 6.8949882800480020e+02, 0.,
       1.0148195372311367e+03, 4.1895169545004541e+02, 0., 0., 1. ]
distortion_coefficients: !!opencv-matrix
   rows: 1
   cols: 5
   dt: d
   data: [ -2.1737297611821538e-01, 1.0642876600732912e-01,
       1.3094569034377077e-03, -3.3582427831257552e-03,
       8.5440117479904737e-02 ]
avg_reprojection_error: 2.7470133832508314e-01
# ...
# ---
# world_matrix: !!opencv-matrix
#    rows: 4
#    cols: 4
#    dt: d
#    data: [ -8.1076035961758730e-01, -5.7865803188013654e-01,
#        8.8445019155221266e-02, -1.3997940140461562e+00,
#        -4.2878852835166048e-01, 4.8420516124852908e-01,
#        -7.6268326307472034e-01, -2.2264591675139292e-02,
#        3.9850726119705493e-01, -6.5627756624837696e-01,
#        -6.4069627657130113e-01, 4.2798152572103723e+00, 0., 0., 0., 1. ]
...
---
world_matrix: !!opencv-matrix
   rows: 4
   cols: 4
   dt: d
   data: [ -8.0554527298686551e-01, -5.8672952335373407e-01,
       8.2736204853837148e-02, -1.1255262236014403e+00,
       -4.3068612197208250e-01, 4.8388074491436051e-01,
       -7.6181945961085262e-01, -3.3685788468638803e-02,
       4.0694751198301304e-01, -6.4931339977411751e-01,
       -6.4248410981487480e-01, 4.3264392356677517e+00, 0., 0., 0., 1. ]
