%YAML:1.0
---
calibration_time: "Seg 02 Out 2017 11:17:50 BRT"
image_width: 1288
image_height: 728
flags: 0
camera_matrix: !!opencv-matrix
   rows: 3
   cols: 3
   dt: d
   data: [ 1.0370163342341793e+03, 0., 7.3517366596476336e+02, 0.,
       1.0307994789473057e+03, 3.3507015742710269e+02, 0., 0., 1. ]
distortion_coefficients: !!opencv-matrix
   rows: 1
   cols: 5
   dt: d
   data: [ -1.8182195642038798e-01, 1.2891948608314191e-01,
       5.5982971196747323e-03, 1.3029655838834482e-02,
       -6.4129601382926477e-02 ]
avg_reprojection_error: 3.0401135401390778e-01
...
---
world_matrix: !!opencv-matrix
   rows: 4
   cols: 4
   dt: d
   data: [ 7.0180888759122440e-01, -7.1234083596442843e-01,
       -5.9007385526969602e-03, 6.2783071360089843e-02,
       -4.1312587775115628e-01, -4.0024179416543793e-01,
       -8.1800581619910728e-01, 1.7876844063162345e-01,
       5.8033722474980420e-01, 5.7652149970381017e-01,
       -5.7517968144655884e-01, 4.9734779557407141e+00, 0., 0., 0., 1. ]
