%YAML:1.0
---
calibration_time: "Seg 02 Out 2017 11:12:02 BRT"
image_width: 1288
image_height: 728
flags: 0
camera_matrix: !!opencv-matrix
   rows: 3
   cols: 3
   dt: d
   data: [ 1.0290823381282578e+03, 0., 6.6572516600652375e+02, 0.,
       1.0374131473473672e+03, 3.8579546569506186e+02, 0., 0., 1. ]
distortion_coefficients: !!opencv-matrix
   rows: 1
   cols: 5
   dt: d
   data: [ -2.2782639476386080e-01, 3.0823821759349751e-01,
       1.3772202255014600e-02, 2.6314395958824989e-03,
       -2.6991953803634933e-01 ]
avg_reprojection_error: 2.3151700784828361e-01
# ...
# ---
# world_matrix: !!opencv-matrix
#    rows: 4
#    cols: 4
#    dt: d
#    data: [ 2.3814709064207973e-01, 9.6882783884096579e-01,
#        6.8253805062109485e-02, 7.0042551015553112e-01,
#        5.4812608156958309e-01, -7.6054735553348851e-02,
#        -8.3293065491857410e-01, 5.3027384185575754e-01,
#        -8.0177538121464376e-01, 2.3577170289636895e-01,
#        -5.4915202102100902e-01, 4.7281211425764287e+00, 0., 0., 0., 1. ]
...
---
world_matrix: !!opencv-matrix
   rows: 4
   cols: 4
   dt: d
   data: [ 2.2695855263208820e-01, 9.7155951074897262e-01,
       6.7542079183016412e-02, 4.5158997017766395e-01,
       5.5151741381233965e-01, -7.1056115062834158e-02,
       -8.3113150028977123e-01, 4.2569943612262134e-01,
       -8.0269443603957824e-01, 2.2588303518722780e-01,
       -5.5195878176337509e-01, 4.7563598648684717e+00, 0., 0., 0., 1. ]
